# Created by Octave 3.8.2, Mon Dec 19 23:07:43 2016 MSK <yz@calculate>
# name: all_theta
# type: matrix
# rows: 10
# columns: 401
 -3.411674026303189 0 0 0.0001021918273229021 -0.000944495440539405 -0.001028799911691615 0.001716548055889619 -0.02061456190058721 -0.001899639867989641 0.0006748088295572165 0.0004820028443711876 6.245960935627409e-05 0.0004967485879119031 0.002229922898501153 0.00181941918480594 0.004686248594713496 0.006172302666869496 0.0005195530782460932 -8.826190640938441e-05 -7.86309433825021e-08 0 -1.418795433572221e-08 1.025208521533497e-05 -0.001291192677670272 0.01077250756670758 0.01232960865136138 0.00229645543248573 -0.02750234252617799 -0.000129532523965885 0.0018617276167835 -0.009522227233486611 -0.001132805201936543 -0.005631835564122881 -0.024521161000451 -0.01383086809261701 -0.04191181074232465 -0.0575744016207583 0.007559247715196133 0.0113847293225818 0.0003222392121981753 0.0001828880723494587 1.147505803851698e-07 -0.0003338299144348998 0.0003291901852751009 0.03165452090340597 0.07896686328382749 0.1180582059871219 0.1164280158458049 -0.06169365316644181 -0.09642002234087048 -0.02264576830751767 -0.04343025754351637 -0.006253403589534451 -0.07601987641296323 -0.1999635604997509 -0.3149014285443495 -0.2373612071102758 -0.04441486524900854 0.06074575072679839 0.0008930418034179162 -0.0003530942919355338 5.785929210909033e-07 0.001682171127777247 0.005343062460552421 -0.2037325002408327 -0.7334291321590184 -1.10593421144013 -1.484620195217715 -0.8767105781156522 -0.9915885682760375 -0.0987347208257591 0.4020779027597011 -0.1264558039708692 0.01633276820219044 -0.5877532833980853 -0.8130297321028085 -1.252471399213137 -1.746779422137712 -1.674925383439315 -0.03319101546067402 -0.01903507289457242 1.280815454470205e-06 0.008322819869071667 -0.05877204996810513 -0.2273709997691132 -0.6104501297413919 -3.525897212703611 -2.630009007040238 0.01862487489118138 1.621717340695713 2.420468442665308 -0.0262215376629659 -0.5891424484726447 0.2417435087663547 -1.053930415369195 -1.214083079309527 2.098181833655342 0.1161849216095562 -1.543845815699449 -0.2620839334446555 -0.04222791630832097 -1.485625943706735e-05 -0.01804667234139463 -0.1580287829583971 1.817971190179779 0.05278823492468718 -0.8616688054655869 -1.653009248934077 -1.037940859334971 2.663673796512878 1.75626492361695 -2.496060959897388 -1.496216878119747 -0.03624085156299543 -1.661006062187408 -1.862024740947816 4.530237123437933 1.000410584725746 -3.716982482612938 -0.7443368186744386 -0.05018115964713171 -0.0001761654360027348 0.01656746814413377 -0.9505228041346002 -0.3987455477502397 -0.6647433197592086 -1.525044949718859 -0.5886881546903117 -1.20299939985925 -0.7970688549700301 -1.35913953760473 -1.079504070017844 -0.7137971207981906 -0.1214799752012031 -0.9032693415704044 -2.045904714668383 -2.201717065804126 0.004904025011454404 -2.013757293618147 -1.247614448844562 -0.03193020921493991 -0.000987818806520863 0.05515781859594179 -1.840431421144458 -3.107951982637938 -0.8428308951190777 -1.087466743289924 0.1482000584989098 -0.9336511633139214 0.9560350097518489 -2.387702682472559 -2.444267159386309 -1.335025875640853 -2.70914174569126 1.748756360703396 2.538675530439601 -1.071405742957061 0.04074457653544872 0.1288561019066734 -2.868737974038512 0.007512202672621632 0.02427973698099478 -0.3016337936694257 -1.457629429842562 -0.4944930134437224 -2.00582849250439 -1.464437406209896 0.1560636341801568 0.01682018322379113 -0.4101768078937743 -2.306695918466035 -0.3821912769382816 0.8632027357990223 -0.8438527670948467 -2.326294776497392 0.5638826317627605 -0.1031086473467407 -1.131232634627899 -1.806995909025912 -3.351191295666736 -0.4998670196305271 0.05045744787067685 -0.5736412292362827 -0.2683840627806658 -0.7888188145001245 -0.8872334260351913 -0.3677511232194735 -0.227982325238163 0.2421018584894893 0.5304097843971596 0.4563246460799936 1.120351186094871 0.6942469434084521 1.134323913430724 0.805951971074222 0.2369445531278127 -1.574735162708297 -0.2194470344123677 -0.2280835740289303 -2.476780256984973 -0.1395881377129873 0.03338286658885421 -0.319973065797139 0.8928561673181886 -1.679842120812662 -2.800487581994545 0.4295895202218674 -0.5149091095815774 0.5715696937183193 3.191903548216222 3.201206212544257 2.362123047981772 2.726393593032132 -0.1864022819946805 1.494494467480121 -0.1807129362697039 0.1709621981799803 -0.3140244273954866 -1.657907839864892 -1.900046767206024 0.06219459890689737 0.009516158724931657 -0.1798987698675113 0.5604526734097177 2.441975022313168 0.6886683227188863 -0.5884323120689519 -1.125443758355461 2.126605980414061 1.439503796968461 0.5139012869556612 -1.271244093177386 0.1921985687198069 -2.118144702305375 -1.278077865054526 0.7548243458336029 1.013001628548597 0.9666424509961896 -3.157133274813547 -2.132173812902397 -0.04902849617451575 0.02447219437253 -0.2019294334265453 -2.700626685914291 -3.398343331520601 -1.866312042706972 -2.347348627607215 -0.4790305062119362 0.07778869356055476 0.1120651666127503 0.05382972003092796 0.9991406278777246 1.452914368864862 -0.9161328316264954 -0.7966601599679858 -1.458214927691149 -1.485699491069404 2.566715213484007 0.864492042497818 -1.04347054964801 -0.1323957267447902 0.0191781130691524 -0.2692429744124339 -0.9667653332497183 1.831057792205674 0.6457799975742329 2.092636012033102 -1.059805265161059 -1.40170795775633 1.604210528001636 -1.526282836607675 -1.359451362560415 -2.819233064142656 -1.531823065606091 1.473603147989186 1.905538656688061 -0.9553511257859153 1.401814905043052 0.3343940492625059 -0.9213825700517484 -0.04504238746624648 0.002669724190163647 -0.01589821918025062 -0.6014077277515283 -0.7428615882042805 -0.3282761037626151 -0.7153924040841227 -1.097444834971542 -0.6817277590331772 -2.616838799780062 -2.342359845451517 -1.156431079938805 -2.21412194810059 -1.572093107546984 2.162845470457122 -1.020809218107762 -0.2495848095129251 2.574087019512167 -1.487855993325305 -0.8212250684497833 -0.04944091139985035 -0.000188560859073017 0.02176586245809164 -0.194052156569581 -1.476275465850843 -1.395504463746552 1.221253144076784 -0.225464936730428 -1.611455649237439 -1.357457205717368 -1.015347668853446 -1.466274360429074 -1.917083632687902 -1.799215089058058 -1.635505774731737 -0.7202377721974602 0.6241917680111198 0.08778282299576683 -1.698082100778374 -0.01838146854842987 -0.009799192141426544 -1.222411128357405e-05 -0.01324015417243775 0.09210720307129301 0.7591762443874491 -1.244725603799741 -1.119476946034829 -1.284046755081712 -1.056529064333803 -0.4871498369435899 -0.326929527055709 -0.1777288102365909 -0.3315471325398364 -0.9822570983606125 0.3755968062904157 0.9353760449626576 0.09783986735178832 -0.7490800154173562 -0.52810164101643 -0.01065943274634293 -0.008540846503596296 8.304866594311736e-06 -0.006646473079991017 0.04523027296716063 0.4133745513272503 -1.150817740259767 -1.561898456624822 -0.7446885505222635 0.05667162763114492 0.01239062794780706 -0.2883208511660037 -0.03425598089407367 -0.117176825937308 -0.3415773661073784 0.6492573455991255 2.846058313380687 3.134298316358616 0.7357749282005265 -0.2693171572901718 -0.01366232834000919 8.5094591522049e-05 -2.906502219834436e-07 0.0008097826305604765 0.003307489648341182 -0.1043685850459983 -0.4288033583669407 -0.1402366827325418 -0.1665943141521142 0.7807960230280619 0.5960657928010048 -0.1460794264755204 0.3031655394069426 0.04384993264106909 -0.1070886295346629 0.004421492003300186 0.6079829719534589 2.020859927547296 0.5327125537082161 -0.05375534141693372 0.0007760326835243821 0.0001163733627538167 0 -4.533976425294165e-05 0.001134782646849039 -0.006480604814041281 0.01419958002914699 -0.003453645734916025 0.007092466331919998 -0.0733026558682521 -0.06486803783716998 0.005134003405296861 0.05406546038347762 0.001487506863756412 0.07835663957016256 0.3875765691599 -0.01660560234811804 -0.1846079809180084 -0.04619483990016497 0.005720794191150981 1.255175347456173e-07 0
